1035082
1035083
1035084
1035085
1035086
1035087
1035088
1035089
1035090
1035091
1035092
1035093
1035094
1035095
1035096
1035097
1035098
1035099
1035100
1035101
1035102
1035103
1035104
1035105
1035106
1035107
1035108
1035109
1035110
1035111
1035112
1035113
1035114
1035115
1035116
1035117
1035118
1035119
1035120
1035121
1035122
1035123
1035124
1035125
1035126
1035127
1035128
1035129
1035130
1035131
1035132
1035133
1035134
1035135
1035136
1035137
1035138
1035139
1035140
1035141
1035142
1035143
1035144
1035145
1035146
1035147
1035148
1035149
1035150
1035151
1035152
1035153
1035154
1035155
1035156
1035157
1035158
1035159
1035160
1035161
1035162
1035163
1035164
1035165
1035166
1035167
1035168
1035169
1035170
1035171
1035172
1035173
1035174
1035175
1035176
1035177
1035178
1035179
1035180
1035181
1035182
1035183
1035184
1035185
1035186
1035187
1035188
1035189
1035190
1035191
1035192
1035193
1035194
1035195
1035196
1035197
1035198
1035199
1035200
1035201
1035202
1035203
1035204
1035205
1035206
1035207
1035208
1035209
1035210
1035211
1035212
1035213
1035214
1035215
1035216
1035217
1035218
1035219
1035220
1035221
1035222
1035223
1035224
1035225
1035226
1035227
1035228
1035229
1035230
1035231
1035232
1035233
1035234
1035235
1035236
1035237
1035238
1035239
1035240
1035241
1035242
1035243
1035244
1035245
1035246
1035247
1035248
1035249
1035250
1035251
1035252
1035253
1035254
1035255
1035256
1035257
1035258
1035259
1035260
1035261
1035262
1035263
1035264
1035265
1035266
1035267
1035268
1035269
1035270
1035271
1035272
1035273
1035274
1035275
1035276
1035277
1035278
1035279
1035280
1035281
